100211850
100264468
112429549
107263142
110502837
105410461
113409849
109485030
100198561
110408111
114074497
113385390
110853194
105695929
104041667
110555496
100230233
111420841
112561460
101741676
113094744
101725203
112243681
100519281
110408058
101704744
110178184
113765034
106898904
111594243
107116556
111686201
112813663
110772124
101722993
100208933
111085377
112569111
100254059
112942351
112291383
105687822
106368743
111594307
107348841
111274506
102864029
110558005
105042645
112530719
112987233
110497994
109681330
107965996
106898699
109680572
107349026
100782337
101716366
112999921
112605506
110891967
109888664
113467838
110461502
100198915
100261654
110720244
108599140
100465913
112651916
111538807
100495661
112561996
109888621
106881432
104200234
100261689
100770045
113122872
108622362
113805403
110466194
112583950
112987372
110180786
112973270
109888710
109654041
107979861
106653261
108055492
112972445
100792922
105396267
103274063
106501663
100474158
100531191
108556916
113860293
100551619
105150451
104633443
109109448
108788733
111964110
111054183
100240159
113818781
113051023
111009454
109995849
111728184
112984753
112573989
110460454
101707911
101718290
112037570
109730883
109709451
100480638
111048744
107311167
112766801
112829331
100795963
100541533
109091962
112972980
112037537
111538786
100242007
101707822
111073894
100907881
113758248
112999761
108850138
112712889
100825237
112671861
113546843
108364990
109899371
108212654
111130300
111885788
107271185
107203668
113381330
112712918
106069778
100518691
100520855
111450071
108217367
100850791
107196736
113941747
111820571
111935360
109101235
100461613
100230241
113182824
110471559
100522922
107114569
107473684
111951108
100494415
111454515
300001564
106284478
107214851
105352731
109073932
111049106
104413900
105696227
107678292
111777154
107487605
112786845
111169870
112564855
112573858
100245890
100192214
101735090
101793038
112673242
113108018
112699151
111594180
113105765
113872171
106592569
100493156
100510542
110471524
113095608
113725201
112964824
109058679
105043841
107487576
113218701
104479714
109058610
112561558
107835075
111773727
100245953
111049288
109307209
100507298
100519387
100555433
109068279
110540809
111868224
109449101
100493316
106628269
112399386
105042750
105012219
105170891
107790743
110974965
104506604
100502526
105151569
113307631
106628461
110504146
113265259
100551774
104555140
108069077
105132801
113327202
113327632
100532696
113874847
113117854
113738343
113146111
106247888
100493341
105661956
112824792
113474106
113120375
113608514
100496955
107487859
114002768
100260539
107164435
104893819
105153652
104934060
106627881
112709671
107934292
113864956
109978301
113740849
105410209
112441484
112986062
106824825
109622840
112285451
111914569
101734311
111585304
112430283
105374033
109074450
112348474
111091857
100197736
100825747
102892169
106898648
105310363
100202831
113737973
100253814
110767561
110917531
100236619
107253809
109671641
101704681
105310355
106753457
112397401
113387926
108832159
100242197
112281548
104877341
100248071
104463317
110381844
112649146
112813698
112393371
112999699
101731881
109888841
101714432
113327819
106695453
106658433
105099967
109714015
113435203
110430458
110430343
110377407
109101323
107913416
113970353
104226194
101705350
100490596
110180778
112973093
110460665
111538671
107044759
100790476
101702976
109017404
106630086
107101741
100189146
112386294
112362276
112362217
100812111
101726046
109888875
111065683
104955485
100863735
112474526
111093617
100465956
110586276
100242015
100211454
101735567
111762075
100465489
100474300
100242138
100541007
112298227
109710081
113385875
113265689
113781860
111885876
100903830
111459412
108802806
110249894
112037553
113371393
100512193
100521145
111820159
109977000
102475015
101737790
111124508
111598818
113649931
100465446
113085354
113059050
111460544
112386227
112887945
107261497
113726772
110466670
100517357
100856965
112976462
110462046
105586319
111112136
109730891
101735823
112983531
111219478
113051525
110376711
111935394
100519344
100522914
109281483
110461537
111777120
100516792
107568755
107613510
104133748
112918609
104413854
113516433
113440723
113226760
112445629
107588431
113872796
110340284
105695953
112573840
111959783
114120932
107430908
100200421
113473023
100855129
113967066
113967091
111065595
112973392
100530762
113749894
109907360
100241186
110128671
106990436
100494423
108221981
108283719
100240335
106302891
109046328
100208394
103275576
107622168
109925111
111112451
113518543
108068832
109589277
111085553
105661841
111195154
111522881
111545222
108788768
101712912
101712074
110131837
102465247
100519395
107458767
111936830
110416648
109713098
113643117
105169689
107199742
112285653
110777734
100489659
100536620
109085562
112922368
108364885
112820855
113265718
112709428
113609496
113879867
108778332
100218040
100218031
109713602
100542051
113265136
113610471
112354487
113324280
107044388
112431606
113447731
112474534
113179140
113308669
113447685
112369486
111143602
111091662
100239983
100805480
112074071
110461473
106898613
109732491
112426583
114339483
110717061
100253646
112818085
112510937
100490570
112291367
109786182
114120713
111884304
112973851
113544813
100253777
112988439
113388427
107563743
112009894
107116257
108988524
110408613
100542763
114120588
101718265
108225341
112987057
113265072
110968709
113695064
113376338
104520609
107290087
112291375
102861021
101736439
112426698
101721528
112859645
112813680
113168475
112146477
109397566
109397620
112316501
104452263
104141131
106320838
100490781
112954538
109109405
100259861
111993973
108424358
113358771
110558048
107253606
113761674
102291857
113168328
105604775
110558013
111882181
109166979
110557993
111895151
100805121
101705755
112102415
113713171
100490641
112315955
112680856
113704725
100184020
100799711
113127315
109397515
104587045
100773115
100790492
109086979
101803806
113383896
107129525
113700062
104375587
106191520
112391368
100805279
100213417
100189445
100464195
110387138
113085291
109490331
110804923
112138590
112441863
109716483
113737738
111934990
111273765
111044137
111870308
112450508
108734532
100497000
107154131
113385904
100200181
104201106
100465067
110357431
109333651
104472838
111538655
110836597
113652005
111740343
109054571
113349049
100519328
112712758
110460489
109730859
108149886
100465243
112365987
110836677
112964710
100534114
110725820
110357617
100519758
110172209
100519301
100520847
112037764
112974820
100494407
100242154
113872112
112305360
110844415
105696016
109073916
100216351
108945372
108263401
104938554
112085176
100198448
112368782
104471202
113967031
109993270
113327691
111113614
101726290
112390285
105448645
105731547
108745581
100474107
109688347
100228141
108458937
107478590
109877560
100532688
109606381
100773713
110705538
110910101
105696286
100197744
109664679
107935164
110917418
107608016
108495463
104677665
111328922
108862518
114051703
114064803
111667254
105132667
107621448
110131802
107185560
100249217
113116780
104508909
111085641
100502534
104506516
110701001
111959847
100541710
107305955
100464911
100522480
111066184
100462982
100496947
110881734
111571973
100510614
103275550
100210224
108403581
110192664
110802987
109714066
105852091
106316273
107621501
100240888
112573831
114064774
100230305
108149405
111433212
113879883
111862164
106305671
109538592
109085634
110619883
110540825
106085153
104893077
105397569
114525163
111169888
105150216
108971925
106011082
107180478
104893771
106628103
106962507
114339512
112556644
105149856
100198860
107180304
100230268
112429514
112441450
101725941
113940162
106064694
113447301
104195754
113447271
112987090
108832124
106968423
110495446
107290141
101732016
102859924
110460420
107020829
101716690
104997319
112813567
101718919
100775241
107253868
112622875
112922641
111884291
100202638
113780912
112083875
109888904
112999875
112369232
107541173
101710837
112281484
109589242
100490668
108210801
108759131
111096762
110132987
111682382
112999728
106359193
113385331
108988452
107621616
100248089
114120692
112391481
112697551
112999656
111679175
100473905
111111491
110891959
111876339
100228862
100792826
112474518
111686148
104555650
111598720
112583845
112681058
111866237
107588393
109905989
107390820
107120900
112965333
113137361
113129020
105963954
109086910
104449662
113827573
100240221
107350772
109695344
100476612
110474821
111668126
111493371
102482717
113327780
113761789
107913547
113388347
111009446
107350748
101734054
111126132
101705325
109940400
112505708
105761957
109703826
104041261
100767591
108622400
112617072
106629085
111009542
108788506
109834640
111742269
100524389
108224524
100783882
100519272
110675439
109990790
113495610
110128697
113182912
113941683
108562099
107573458
113183763
110421797
106679429
112900193
105379328
100187642
111947176
113898275
113730544
111252420
106627741
100189533
109730875
108379382
113051550
113131699
108232911
100918097
100191668
100784017
100186050
106252919
107199902
112974766
100211788
112626366
109730867
108990501
112643502
111346426
109693200
110010971
113759574
108230705
112498940
100191676
107370124
113301424
100197883
112374496
107624104
104812601
104812521
100214057
105150144
113108077
109907458
112665023
109907335
111900204
111936776
113117627
107606387
107377529
107373587
107350393
111662701
104724821
106303878
100862273
112513708
114064838
100216343
100494431
111874801
100477076
110187857
106302867
111545231
112473751
111728424
113454404
109429775
108069173
113325805
100536591
100460602
112660679
111945269
107626433
100535432
100499689
100499671
103275648
113436628
100507044
109907546
113327341
112407809
109085597
105712856
105150937
104893034
106629552
108405042
113738642
110725598
100518675
107164312
112149678
106005977
101792342
107157649
108803876
104730817
110730522
106084919
104409530
104934182
106629704
104893106
107157551
109085669
107858605
111870666
109027688
106626423
106627987
100465235